xxvll.

TEMPERATURES MoYENNEs PAR LES DIFFIZRENTS VENTS PENDANT L'ANNE'E 1856.

 

 

 

 

 

 

 

 

 

 

 

 

 

 

 

 

 

 

 

 

 

 

 

 

 

 

 

 

 

 

 

 

saison. Ι Ν. 1 Ν. E. 1 Ε. Ι S. E. 1 S. 1 S. O. Ι ι Ν O.
Janvier -1l⁰,5 - 4⁰,8 — 0⁰‚3 0⁰‚2 - 5⁰‚3 · 3 ,9 - 4⁰,2
Fesvrier -11,6 -13 ,5 - 0 ,6 -13 ,8 - 3 ,6 - 4 ,6 - 6 ,7
Mars - 3 ,1 1 6 ,5 Ι 309 - 1,2 161 - 2,1 1 - 2,1 1,5
Hiver -8,ο -7,6 -3,9 6,6 -3,1 -3,7 -3,1 -4,3
Avril 2 ,4 2 ,8 3,9 2 ,8 3 ,1 5 ,9 6 ,9 3,7
Mai 55 3,7 9 ,7 7 ,9 11,6 13 ,7 11,3 5,9
Juin 11,9 11,7 15 ,6 13 ,2 14 ,8 15 ,6 15 ,5 14 ,2
Printemps 5 ,4 5 ,1 6 ,4 9 ,4 10 ,3 12 ,1 11 ,9 6 ,3
Juillet 10 ,5 12,6 19,5 17,1 17 ,6 186 17 ,2 12 ,9
Amat 11,6 125 155 14,3 12,2 12,5 16,5 11,6 υ
Septembre 9 ,1 16 ,3 16 ,1 11,6 11,7 11,9 9 ,8 8 ,1 ’
Et& 10 ,6 11,4 14 ,9 15 ,8 14,8 15,3 13 ,4 11,2 ξ
Octobre 4 ,5 5 ,2 9 ,5 7 ,4 7 ,6 7 ,7 7 ,2 7 ,1 ,
Novembre - 4 ,9 - 4 ,7 - 4 ,9 - 7 ,3 5 ,Ο O ‚5 - Ο ,4 - 7 ‚2 ¹
Decembre - 3 ,9 3 ,2 - 8 ,1 2 ,4 - (1,6 - 3 ‚o - 0 ‚7 417
Automne - Ο ,4 - 1 ,4 4 ,2 2 ,1 - 2 ,2 1 ,2 3 ,9 - 4 ,Ο ,
ΙἈῐιηὲθ 1 7 3⁰,ss 8⁰,8 8⁰,7 4⁰,ss 50‚2 4⁰,9 1⁰‚2 ¹

1

ΝΟΜΒΒΕ ET FORCE RELATIVE DEs VENTS PENDANT L'ANNEE 1856. 1

saison. N. N. E. ‹ Ε. 8. Ε. 8. 8, 0. 1 o. Ι Ν. O. 1
WN—flss-—N—fl-F* N. 1 F. N. ι F. N. ι F. Ν. F. N. Ι F·

Janvier 26 1,2 15 1,5 6 «1,6 16 1,4 16 1,5 18 13 10 12 16 Ι 11 1

Ὲὲνπὶεν 16 1,2 8 1,3 6 (1,6 3 13 7 1,1 22 1,5 7 1,· 1 36 1,4 1
Mars 21 1 1,7 5 2,5 Ι 5 Ι 1,4 2 1,7 Ι ,1 J 1,6 19 1,6 13 14 19 1,7
Hiver 51 1,4 28 1,6 5 1,4 15 1,4 26 1,2 59 1,5 36 1,3 59 1,4
Avril 16 1,4 21 1,7 6 1,1 6 1, 2 7 1,4 26 1,3 6 1,4 14 1,7
Mai '2⁴2 1,5 36 1,8 2 1,3 8 1,2 12 1,1 8 1,4 2 1,5 9 1,3
111111 16 26 14 1,4 1 1,6 11 1,;1 8 1,2 32 1,7 9 1,8 5 1 1,5
Printemps 42 1,6 65 1,8 9 1,1 25 1,2 27 1,2 66 1,5 17 1,6 28 1,6
sumet 9 1,4 6 211 7 1,1 17 1,2 15 1,5 18 1,6 7 1,3 14 1,6
46111 21 1,3 23 1,3 4 1,5 9 1,2 5 1,2 8 1,4 2 1,6 21 1,4
Septembre 13 1,1 31 1,1 7 1,1) ‘2 1,2 9 1,6 ὃ 1,8 9 1,5 ll 1,2
Et& 43 1, 3 66 1,3 18 1,2 28 1,2 29 1,4 34 1,6 18 1,4 46 1,4
octobre 16 1 1 15 1,2 4 1,1 5 1,6 16 1,7 19 1,7 16 1,7 8 1,6
Novembffl 12 1,1 25 1,4 1 1,6 3 1,6 4 1,5 16 1,7 6· 1,6 23 1,6
Decembre 7 1,4 16 1,5 1 1,5 5 1,2 18 1,2 24 1,6 6 1,5 22 1,5

 

Automne 35 1,4 50 1,4 6 1,2 13 1,1 32 1,4 59 1,7 28 1,6 53 1,6
ΙἈηῐιέο 171 1,4 203 1,5 38 1,2 81 1,2 114 1,3 212 1,5 93 1,5 186 1,5

 

 

 

 

 

 

⁰) Les chiffl-es de chaque p1·en1it'3re colonne (N.) dbsignent le nombre de fois que le vent en question a &te' observo
’“) Les chiffl-es de chaque deuxibme calonne (F.) sont les sonunes des intensitbs du vent en queStion divisees parles
nombres de la colonne pmicfflente.

