 

 

     
   

 

220

 

 

23 JUIN‚ 1855.

 

 

 

  
    

Temps ο bserve's

des coincidences des pendules.

sap 0407(an

L'luorloye de Sto esch ο lm
reyle‘e approx. sur le
temps m o ys e n.

·soou.9p‚wu300

temps S [dc-'r n l.

L'lzorloye d'Upsal
reyle'e approx. sm· le

wmnopsuoo
saouapgougoo ⁵²27 acqua

 

(temps side'ral).

    
  

Temps corrige's

des coincidences des pendules.

Stocklzolm ἱ Upsal

ι (temps siddral).

 

 

 

 

   
   
  
  
   

  
      
    
      
     
     
  
     
   
      
     

 

11¹¹‘37m‘15f‘0 17¹¹'3sm'57f‘0

43 37. O 45 20. O

. 56 21, O 58 6. 0

. 12 9 15. O 18 11 2. 0

, 15 41. 0 17 29. 0
9. 28 9. O ‘29 59. Ο
11. 40 49. 0 42 41. 0
22, 13 51 2, Ο 19 53 5. Ο
23. 57 21. Ο 59 25. 0
24. 14 3 37, 0 20 5 42. O
26. 16 20, O 18 27. 0
27. 22 38. Ο 24 46. O
28. 28 50. 0 30 59. 0
29, 35 25, O 37 35. 0
31, 48 12. 0 50 24, 0
32, 54 30. 0 56 43. 0
33, 15 0 51. 0 21 3 5. 0
34, 7 13. 0 9 28. 0
35, 13 320 1ιί 48, 0
36, 19 53. 0 22 10, 0
37, 26 16. 0 23 34. 0
38, 32 37. 0 34 56. 0
39, 38 58. O 41 mo
40. 45 17. 0 47 38, 0
41, 51 39.Ο 54 LO
4⁶2⁸ 58 1.0 22 O 24. 0
43, 16 4 21, 0 6 45. O
44. 10 46. 0 13 11. 0
45· 17 6. O 19 32. O
46. ‘23 29. 0 25 56. ο
48, 36 12. 0 38 41. Ο
49. 42 340 45 4.0
50, 48 55. ο 51 96. ο
51, 55 20. 0 57 52. 0
59· 17 1 34. 0 23 4 7. 0
53. 8 3.0 10 370
54⁸ 14 25, O 17 0. 0
55. 20 48. O 23 24. 0
57. 33 25, 0 36 3, 0
39 51. 0 4⁶2 30. 0

⁵¹² mlum ηρ εῃυιιψεηιιὸιῃ

Ξ

6 23,0
⁸ 23.
‘ 28.

27.

··21]

 

20.
1 7.

” ς,225
19,
13.
26.

’ 2453
19.
⁸25)
⁴23.
20,

22.

24,

‘’2.
2⁴2.
20,
23.
23,
21
26,
21.
24,

” 225
23.
22.
26,
15.
30.
23.

24,
‘ 195

270

 

 

 

h. m, s. h. m. s.
17 43 47. 995 17 42 4. 357
50 11, 098 4-8 27, 458
18 3 57. 304 18 1 13. 662
15 53. 539 14 9. 869
22 20, 653 20 36, 972
34 50. 827 33 7. 172
47 33. 006 45 49, 375

19 57 58170
20 4 18. 264

19 56 14. 501
20 2 34. 602

10 35. 349 8 51. 702

22 20. 553 21 36. 906

29 39. 645 27 56, 007

35 52, 718 34 9. 107

42 28. 859 40 45. 212

55 18, 072 53 34. 417

21 1 37. 163 59 53. 518
7 59. 264 21 6 15. 620

14 22. 367
20 42. 456
27 4. 561
33 28, 667
39 50, 766
46 12. 876
52 32. 976

12 38. 722
18 58. 823
25 20. 925
31 45. 027
38 7, 129
44 29. 231
50 49. 332

58 56. 066 57 12. 434
22 5 19, 166 22 3 35. 536
11 40. 264 9 56. 638

18 6. 375 16 22. 740

24 27. 472 22 43, 842

30 51, 578 29 7, 943
43 36. 780 41 53. 148
49 59. 884 48 16. 250

56 22. 006
2 48. 095
9 3. 174

15 33. 297

22 6. 392

54 38. 352

23 1 4. 455
7 19, 555

13 49. 659

20 12. 761

23

 

28 20. 406 26 36, 863
40 59, 692 39 16. 065
47 26, 806 45 43. 168

 

  
   

wmupp
2²⁵· edm-¹27 5⁸³] aqua

oaauvaepsssa

   

  

  
   
  
  
  
   
   
  
  
  
   
  
     
  

  
   
  
  
    
   
  
  
  
  
  
   
  
   
   
   
  
  
   
   

       
 

  

     
     
    
       

1 43.640
,642
,670
.681
,655
,631

,669 ι

,662 .
,642 ς’
,647 ,
,638 3

    
  
     
   
    
  
     
     
     
     
    
     
      
     
   
      
     

,611
,647
,655
,645
,644
,645
,633
,636
,640
,637
,645
,644
,632
,630
,626
,635
,630
,635
,632
,634
,654
,640
,619

.638 1 ²
,631 i .
,633 τ
,627 ⁴.

1 43.641 ,

 

 

 

’) Tout nombre, marqu5 par un astfflsque, est le milieu arithmbtique entre les temps donue's des coincidences voicines.

