JANVIER 1855.

Ξ Barom. ὰ 0⁰ Tempe'rat Extdnsufflant
en pouces et liqnes Par. le Ther-m. cenliy.
ἓ 7¹¹·du mat. 21·- dn 8017· 91¹· du soir Th-du m. 2¹¹·du s. ssh-da ε.

 

      

 

Dfi'drence entre le Therm.
Sec et Monille‘.

Ten-sion de la vapeur d'eau
dan-3 l'air en liques Par.

 

 

 

Th-du 7η.

 

Qh-da s.

 

 

 

 

§undu 3. Qb-du ε. {lh-du e.

 

7h-du m.

 

 

 

 

 

ζ,

ζ

ἓ..

1 26. 6,961 26. 5330 26. 5328 -49, 2 -50, 6 -29, 1 0⁰‚1 0⁰‚2 0⁰,0 1¹⁰,48 1'''‚‘29 1¹¹·‚75
2 271320 275620 27.7,317 -0,7 -3,4 -5,7 9,9 0,1 0 2 1,93 1,57 1,28
3 8770 9,270 10918 -8, 6 -12, 3 -14, 0 0,1 0 0 0 9 1 ‚06 0 ,83 0 ,72
4 141544 11302 10,465 -9, 2* -7, 8 -4, 2 9,4 9 1 0 0 0 ,91 1 ,12 1 ,51
5 8184 7370 5300 1,0 3,1 2, 9 1,0 9 3 0 1 1 ,76 2 ,38 2 ,41
6 3,(153 7,129 10980 1,9 9, 8 -2, 7 0,3 1,1 0,4 2 ,20 1,72 1,53
7 282069 281305 28. 0999 -2, 5 -0, 8 5, 0 0,4 9,2 0,3 1,56 1,86 1,31
8 0,075 2711312 27. 7,016 -3, 9· 9, 7 2, 0 0,0 0,7 9,9 1 ,64 1 ,85 2 ,33
9 27. 6,7661 7,492 10,411 3,1 0,5,-2,1 0,2 1,2 9,2 2,43 1,63 1,68
19 281069 283079 283868 -4, 7 -3,8 -6, 3 9,9 1,0 0,7 1,45 1,19 1,05
11 2713 1,677 2711909 -3, 3 -2, 9 -2, 3 1,1 0,6 0,6 1,21 1,44 1,51
12 2711310 27.11,834 289347 -3 5 -2, 7 -5, 3 0,7 0,6 9,5 133 1,46 1,21
13 289967 281412 2492 -7,7 -4,8 -7,3 0,4 0,7 0,5 1,03 1,19 1,03
14 2709 ,3,053 3971 -7, 5 -8, 3 -7, 5 0,0 0,4 0,3 1,18 9 ,98 1,08
15 3925 4196 4036 -9,6· -9,5· -8,3 0,2 0,6 0,4 0,95 0,83 0,98
16 3269 4275 5361 -8,4· -6,5’ -5,6 0,3 0,4 0,3 ι,00 1,14 1,25
17 5579 4191 2939 -9, 9 -9, 0 -12, 5 0,3 0,3 0,1 0 ,88 0 ,96 0 ,78
18 1,157 0,789 0,388 -16, 9· -10, 0· -6, 7 0,8 0,2 0,2 0 ,34 0 ,92 1 ,19
19 11457 1,815 3264 -3 6 -3,0 -2, 5 0,2 0,3 9,2 1,50 1,53 1,63
20 3737 4268 5023 -8, 6 -7, 4 -13, 9 0,9 9,3 0,2 1 ,09 1 , 09 0 ,72
21 6063 6192 7,056 -8, 0 -4, 5 -3, 5 0,2 (1,1 0‚1 1 ,07 1 ,43 1 ,54
22 61192 7038 6,891 -4,4 -1,8 -2,5 0,3 0,7 Ο,5 1,37 1,52 1,51
231 6414 6,(179 6113 -3, 5 -1, 8 -2, 2 0,3 0,3 Ο,1 1,47 1,67 1,70
24 5943 5,628 4,518 -3, 5 -2, 4 -3, 7 0,2 0,3 9,2 1,51 1,60 1,49
25 39158 2073 1,,597 -5, 2 -3, 2 -5, 1 0,0 9,2 ,2 1, 1, 1,
26 0881 1,1197 ι3466 -13, 4 -1, 0 ,9, 3 0,2 0,3 2 ⁷ ‚ 1 ‚ 0 ,
27 3026 1,637 2719,891 -12, 2 -10, 1 -11, 9 0,3 0,4 6 9 , 0 ‚
28 27. 8,»160 27. 9,224 10,225 -9, 4 -8, 9 -12, 0 0,2 9,7 7 0 , 0 ,
29 10253 10298 10891 -16, 7 -14, 2 -18, 5 0,8 9,4 2 0 ‚ 0 ‚
30 28. 0,074 28. 0,024 28, 0630 -20, 7 -14, 9 -18, 2 0,5 0,6 3 0 ‚ 0 ‚
31 0,220 2711942 2711925 -17, 1 -9, 5 -9, 0 0,3 0,3 3 0 ‚ 0 ,
ἒ 28.0‚149128.0,441 28.0.510'-7⁰, 1 1-50, Ι

 

 

’ La. 1101118 (111 therm. converte de srimas.

Barom. Max. le 21 et le ‘22 vers un S.O. leger.

Barom. Min. le lter, un vent leger passant de S.O. ἐι N.O.

 
  

  

      

 

 

 

