XIII.

JUILLET 1855.

      

 

 

     

     

          
 

Barom. ὰ 0⁰
en pouces et liques Par.

T empc‘rat. Exte'r. suivant
le Therm. centz'y.

Dgffe'rence entre le Therm.
Sec el Mouz'lle'.

T ousion (Ie la vapeur d’eau
dans l'air en liques Par.

   

 

     

    

   

       

wolff ηρ ‚mos

   

  

 

 

 

 

        

       

 

 

        

 

  
   

 

 

 

        
    

 

a, 7h-damat. 2h-dusos1· ,ΟΒ-1111801)Ν ῖῦ·[ἶιι m. 21111115. Surda s. Ill-du m. 2¹¹·da s. 9hdu s. 'ihdu m, Qh-dug, 9¹¹·du8.
1 ‚ 28. 3,114 28. 3043 130, 1 25⁰, 3 10⁰, 0 30,3 80‚9 30,S 4⁰¹, 52 3”, 56 3’”,56
2 23113 1,1163 1,424 17, 5 28, 5 16,1) 3,6 9,5 3,1 4 ,14 4 ,46 3 ,97
3 1,1911 11786 11,11114 16, 5 27, 7 15, 4 3,5 8,8 11,4 3 ,1111 4 ,61) 5 ,38
4 1,3711 1,133 1,1153 111, 5 25, 5 11), 5 4,5 8,11 2,2 4 ,28 4 ,24 5 ,75
5 2116 1873 15114 111,1ζ1 27, 1 17, 8 3,11 8,7 2,8 4 ,51 4 ,42 4 ,73
6 7634 1,·2118 1,1611 211, 3 28, 5 111, 5 4,6 9,5 3,1 4 ,511 4 ,47 5 ,15
7 2221 2165 21113 111, 7 23, 11 11, 3 5,8 7,11 2,1 3 ,55 3 ,42 3 ,74
S 1,.578 11,1186 113311 18, 5 27, 0 111, 5 3 ,9 6,5 2,3 4 ,311 5 ,115 5 ,68
9 ι27.11,511 27111848 27115116 18, 5 211, 3, 17, 3 2,5 1 21,& 1,ῑό ῦ ‚17 3 ‚39 f> ,49
111 11216 11,185 11242 18,11 23, 3 12, 0 2,7 9,1 1,5 4 ,87 2 ,77 3 ,72
11 11,1116 11,1185 11,1181 18,11 25, 5 18, 3 1,4 7,4 2,3 3 ‚32 4 ,67 5 ,22
12 11,31111 11,1157 11,111 18,1 27, 5 17, 3 3,1 11‚0 1‚·2 4 ,05 3 ,07 5 ,56
13 28. 11,1611 2811814 28. 1,415 18, 11 27, 5 1,11,11 2,9 6,5 2,5 5 ,06 6 ,19 5 ,36
14 2135 1,716 1,.4117 111, 11 311, 3 20, 11 3,ss 8,3 2,7 4 ,119 6 ,21 5 ,61
15 11,11116 2717784 27111145 21, 3 211, 3 21, 11 2,8 9,3 4,5 6 ,116 4 ,118 4 ,82
16 27111456 11),158 11,11114 18, 5 21 11 111, 2 1,2 1,11 1,6 6 112 6 ,57 6 ,07
17 8981 8111 71156 21, 0 27 5 17, 7 3,¹) 7,5 0,5 5 22 5 ,48 6 ,17
18 7726 75711 6,244 111, 5 16 5 >0 1 1,2 5,9 ³,1 6 ,42 6 ,18 6 ,(16
111 7218 7566 81167 16, 3 m, 11 17, 11 11,1 1‚.3 013 5 ,811 6 ,42 6 ,03
20 82411 8,147 11,11111 17, 6 14, 11 17, 4 1,1 ss‚7 2‚3 5 ,73 4 , 55 4 ,90
21 1115711 27.11,1611 28. 11,125 18, 1 26, 1 18,1 2,3 3,1 ‘2ss 5 ,15 4 ,44 4 ,84
22 28. 1‚343 28. 1,748 23114 211, 4 211, 0 20, 0 3,1 9,5 3,-(15 50 4 ‚ 68 4 ,83
23 28471 211161 1,641.1 111, 9 ¹ 28, 3 21, 11 1 ,11 111,1 3,7 6 ,11 3,.(16 5 ,34
24 11812 11366 27.11,971 211, 11 25, 5 211,11 3,11 7‚5 4‚0 5 ,41 4 ‚59 4 ,76
25 2711827 11,11118 28.11,495 211,11 25, 5 18, 5 2,8 7,7 4,1 5 ,54 4 ,46 4 ,18
26 28. 1,2611 11111111 11,1157 21, 4 27, 2 21, 5 3,4 8,11 5‚2 5 711 4 ,115 4 ,56
27 1,1,634 11522 11475 211, 7 26, 7 211, 5 4 ,11 3 ‚8 3,1 5 03 4 ,19 5 ,54
28 2711936 27.11,865 11,1188 211,1 24, 8 111, 5 2,2 4‚7 1‚*2 5 ,1111 6 ,25 6 ,42
29 28. 11,165 1781111 2717552 19, 8 27, 3 21, 5 1,11 &9 4,1 6 ,07 5 ,811 5 ,27
311 2711111711 111186 111272 22, 8 211, 3 18, 5 3,1 0‚4 02? 6 ,511 7 ,32 6 ,69
31 1111183 1112115 11131111 21), 1 21, 1 17, 6 1,1 423 3‚2 1, ,74 4 ,67 4 ,43
ἒ 27.11,60227.11,82027.11,813Ι 19⁰,3 25⁰,9l 18“,4Ι 2⁰,9 ἱ 7⁰,4 '2⁰‚5 Ιὸ”’,21 4'''‚83'5'”,14 sse}
Barom. Max. le l vers un vent trbs saible, NE. ἐι N.O.
Barom. Min. le 18, un vent leger passaut de SE. ἒι N.O.

 

 

 

