XIX.

 

 

 

OCTOBRE

1856.

 

 

 

 

 

 

 

 

 

 

 

 

 

 

 

 

 

Ξ Βανοηι. ὰ 00 Tempe'rzzt. Exte‘ru suivant Dgff'firenee entre le leerm. Tensmn de [α capent-d'eau
Ξ. ενι pouces et liques Par. le leferm. eentz'y. Sec et ffllouille', dans l'air en [syrtes Par.
ξ, 7)· damnat. Ah-dusoir 9Ᾰ· ᾱιι8οἰν ἳΙι-ᾱιιιη 'Ah-clus (11·(113. 71de ‘Anda s. ‚Oh-dns. flu-dnm. Lmdus. 9¹³-du 3.
1 27.,1147 27,11,55 27.,11 77 ’ 130 ,1 1(10,1 (710 ,1 1⁰‚l (μζ-1 30,Τὸ 4“”,24 3”’,80
2 11,92 28. Ο, '28 28,1,(13 ,1 13 ,3 ,Ο Ο, 2 1,1 ‹›,4 3 ,91 4 ,30 3 ,77
3 28.1,79 211 2,.’17 ,5 11,ἰ3 :‘‚7 o,0 2,3 (1,(1 '2 ,913 3 ,12 2 ,(32
4 9,51 2‚16 1‚1› ,3 3,6 ;,11 (1,1 1,3 (1,1.) 2 ,652 :¹ ,74 2,4(1
5 ‘27 9,11 ..7,33 1.3,33 ,3 14,3 ,3 ‹›,:; 2,‘2 0,4 3 ,,(11 3,ε1ε1 3 ,75
6 11,42 · ,(1116 εμὲ, 54 ,6 1,0 ,5 6,4 6,4 (71,5 »3,39 2,01 1,39
7 28. 609 6,78 6,(14 - ,Ο 5,3 - ,3 6,ε1 3,0 (1,1.) 1 ,31 1,56 1,57
8 5,44 3,69 2,3(1 ‚7 7,:⁷› ,O (1,7 2,5 (1,4 2 ,14 2 ,17 2 ,68
9 0,(17 1,99 4,17 ,7 9,Ν ‚¹¹ 0,3 2,7 (1,1 2 ,16 2 ,56 1,99
10 6,42 611 5,7«1 ‚3 11,3 ,3 «1,7 ι),3 6,3 1,ε13 3 ,11 2 ,78
ll 5,80 53355113 ,5 11,1 ,(’1 0‚[‚ 2,0 (1,1 2 ,11-3 3 ,21 2 ,87
12 4‚33 3,(12 ,359 ‚3 12,6 ,3 (1,1 2,1 Ο,(1 2,(18 :5 ‚62² *2 ,22
13 3,17 *2,91 303 ,7 11,1) ,3 (1,1 1,5 0,‘2 ⁴2 ,57 3 ‚423 3 ‚03
14 362 3,04 ·.),7(1,.·, 9,5 ,3 6,(71 17.;·1 0AE 3 ‚16 3 ,⁴¹⁴³ 3 ,47
15 238 11,11 133 ,2 11,1 ,1 6,(71 0,8 0,3 3 ,73 3 ,35 3 ,86
16 1,79 133 3,(15 ,1 11,3 ,4 6,·7) (1,4 6,5 3 ,(11 4 ,12 4 ,10
17 1‚68 336 2,θὸ ,6 12,;”) ,9 [1,11 1,1) 1,5 3 ,66 3 ,60 3 ,68
18 2‚6-2 347 4,.34 ,6 1-.),7 ,²2 1,3 1,7 11,1 3 ,,ηῑ. 3 ,711 -2 ,85
19 6,4Ο 7,19 7,δὸ -’,“2 (1,1 ,7 (1,.-’1 3,3 (1,7 1,8(1 2 ,11 1,66
20 7,36 7,.)(1 6311 ,9 7,7 ε7,1; ι1,4 ο,4 ο,3 1,1111 3 ‚23 3 ,47
21591 4117 4, 26 , ,3 11,6 5,.73 (1.3 1,ε1 692 3 ,34 3 ,311 2 ,92
22 2,76 1,47 131 ’,7 11,·.) 3,11 (1,6 1,3 (1,7 2,ε1;> 31.) -.),19
23 (1413 (1,134 1051 ;,8 6‚3 3,ss (1,6 2,2 2,4 2 ,21 2 ,76 1,59
24 2,18 3,(13 (1,“3;”) ’,8 4,;’1 2,7 1,1 53,2 1,11 1,7] 1,35 1‚63
25 >,74 4,57.,,4.(1 3,.73 3,(’1 -1,4 1,.3 1,7 ‹m› 1‚6‡· 1,76 1,56
’26 4,ῖ13 2,16 27.,114”2 2,6 ΝΛ) 7,7 1,·2 ⁸2,ss (1,7 1,.(12 2 ,(18 3 ,08
27 27.,111(1 27.,1](11 11, 30 SA) 12,7 7,·2 1,3 2,9 1,(71 2 ,36 3 ,16 2 ,83
23 28. 1,31 ⁶28,1,73 ³86⁴} 3,6 6,4 7 4 (1,7 1,6 1,1) ι) ,29 -2,39 2‚s7
29 1‚44 2,17 312 4,7 &A 7 (1 Off) O,7 1,3 2 ,811 3 ,24 2 ,65
30 3,81 4,19 446 4,7 &A 6.5 Ο, 1,(1 0,(71 2 ,68 3 ,(12 2 ,96
31 4,-34 4,·12 4‚18 6,Ο 8,.’Ἷ 7,Η Ο,4 1,;’1 1,1 2,87 2,8ὕ 2,91

28 2 ,285 9,Βὸ 2,845·1,1 90, 5, 0,6 00, 6 Ι 10 , 8 μ 00, ὃ 2”’,61 ”,9·Ἰ ,70

   

 

Barom. Min. le 5 vers un O. trbs fort.

 

 

Barom. Max. le 20, le vent trbs faxhle passant de N. ἐι S.

 

 

 

 

 

 

