IX.

MAI 1856.

 

 

   

ξ Barom. ὰ 0⁶ Tempe'rat. Emte'r. suivant Dg'ffe'rence entre le Ther-m. Tenvsion de la vapeur d’eau
ἓ. en pouces et liques Par. le Therm. centiy. Ἴ τῖ’. dans l‘air en liqna-2 Par.
ξ 7'1 dumat. 2¹· da sior 911·du.s·02·7 7¹¹ dun 71.ι 2¹¹ dus. . ι, , l - 7. - . · . ⁸· . 'lh-du 8. 9¹·-du s.
27.,11133 2711128 27111,19 -1υ,11 -11υ,3 -119,3 0⁰‚1 0⁰‚o 0⁰,0 1,85 1·”,99 1”·,119

2 111111 111,63 11,38 -0‚4 0,1 0‚3 (1,1) 11,1 1),11 1,117 2 ,1111 2 ,117
3 11,14 11,22 11,51 -11,3 11,3 -11,1 (1,1) 11,1 11,11 1,1111 2 ,113 2 ,112
281137 28,1,38 28 1,62 -11,3 11,4 -11,2 (1,1) 11,2 (1,1 1 119 2 ,111 1,116
1,411 1,71 1‚85 11,1 2,5 11,7 11,7 -2,11 1,11 1 51 1,.56 1,55

1,1(1 1,118 11,41·1 1,5 1,3 -Ο,3 1,5 2,6 1‚·2 1 63 1,1-»9 1,53

” 271,162 27.,1168 1111 1,6 7,1 -11,1 1,6 5,11 1,1) 1 1111 1,113 1 ‚55
28 298 28.1,611 5,811 4,1 7,3 -11,3 3,11 4,6 1,3 1,41 ι ,211 1,49

9 6,99 7,(111 7,·21 1,5 11,5 11,9 2,6 5,5 1,2 1,112 1 ‚55 1,611
111 6,93 6,(13 5,41 7,3 12,5 1,1) 3,9 5,5 1,11 1,511 1,76 1,83
ll 4,711 3,68 3,(11 8,11 17,1 7,8 3‚l (3,8 3,7 1,99 -2 ,21 1 ,68
12 227 1,16 1,31 8,3 18,11 7.9 3,0 7,1 4,1 2,111 2,2.9 1,39
13 1,117 1158 0,37 8,9 19,8 12,11 1,1 7,8 3,9 1 ‚71 2 ,11 2 ,16
11 11,111 27,,1115 271,1158 111,9 22,3 11,11 2,9 8,3 1,5 2 ,71 2 ,911 2 ,65
15 211162 8811 8,85 11,9 17,3 11,3 *³,8 4,3 11,2 1,116 3 ,68 4 ,23
16 8,37 7,96 7,111 12,3 13,8 7,5 018 3,3 (1,1 4117 3,23 3,18
17 7,42 7,(12 6,91 7,5 7,11 1,3 11,3 1,1,3 11,8 3 ‚2⁴ 3,13’2,38
18 6,56 6,68 7,6·2 7,1 11,1 5,0 016 1,1 ο,6 ὀ ,00 2 ,89 2 ,59
19 899 9,21 8,92 7,3 13,1 7,3 013 4,3 11,3 3115 2 ,55 3 ,15
20 9,45 11112 11165 5,7 5,11 3,3 (1,1 11,11 11,2 '2 95 2 ,86 2 ,17
‘21 10‚58 111,57 11121 4,7 1,9 1,7 0,1 (1,1 11,3 2170 2 ,79 2 ,67
22 8311 865 9,·21 5,1 3,5 1,3 0,4 6,5 11,2 ‘2 ‚69 2 ,37 2 ,14
‘23 11,77 9,98 11115 3,7 6,5 1,5 110 1,8 11,6 2,10 2,.31 2,(10
24 111,21 9,99 11121 3,5 12,1 5,.5 1,2 3,9 11,3 2106 2 ,19 2 ,82
‘25 10,07 11123 11116 6,3 111,3 11,11 0υὲ 1,2 (1,5 3103 3 ,11 3 ,18
’20 111311 072 11113 8,8 16,8 6,1 0,6 3,8 ι1,1 3 ,38 3 ,81 3 ,113
27 1197 668 5,99 6,5 11,7 1,6 0,1 (1,1’1 11,11 3,11 3 ,21 -2 ,79
28 1138 7,27 8119 9,3 11,.3 7,5 013 1,1 (1,1 3 ,00 3,,1 3,18
’39 998 111113 11128 111,Ο 1,5,11 111,6 019 3,8 1,1 :3 ι’ 3 ,13 3 ,56
30 281126 281121 28 1,89 111,3 11,.’1 111,ῑ, 2,3 1,5 1,5 2 0⁴3 -2 ,18 3 ,31
31351 124 1119 8,3 13 1 ,9,1 11,8 1,6 1,1 3 .16 2 ,311 3 ,211
ξ 27.st 37 27.1135 ,51'27.11 5⁰,9 9 91 4⁰,9' 1Ο 2 3⁰ 2!1⁰,1'2 48 2 3 ‘ru-‘38

 

 

 

 

 

 

Barom. Max. le 9, un vent leger passam de NE. ὲ SE.
Ι Bar-nn. Min. le 2³7 vers un N. assez sort.

ξῇῃ-Ι

 

 

 

