XV.

ΑΟὑΤ 1856.

 

 

 

 

   

 

 

 

 

 

 

 

 

 

 

 

 

 

 

 

 

ξ Barom ὰ 0⁰ Tempe'rat. Exte'oz suivant Dgffe‘rence entre le Τ herm. Tension de la vapeur d'eau
,ἑὲ en pouces et liynes Par. le Therm. centiq. Sec et ,Μοαίίίεζ dans l'air en liques Par.
ξ, 7'¹·du mat. 21¹-du soir 9¹¹·da ,wir vudum-1 2¹=⁴da s. 91²- du 8. wudu m. 2h-du 3. 91vdue. 71¹·du m. :Nuda 8. 9¹¹·du s.
1 28. 2,34) 28. 1,98 28. 1,57 12⁰, 5 19⁰, 3 14⁰, Ο 20, 4 6⁰, 5 20, 7 3””, 34 3”’, 03 3”’, 61
2 (1,7’2 1,(10 1,66 14,3 15,0 11,5 Ο,3 Ο,5 0,4 5 ‚07 5 ,19 4 ,17
3 2,51 2,35 2,37 13,1 17,8 11,5 Q& 5,7 1,5 3 ,31 3 ,03 3 ‚59
4 2,23 2,34) 238 12,5 17,0 12,3 1,4 5,2 2,3 3 , 911 3 ,08 3 ,37
5 2,63 1,37 OM? 12,5 20‚3 11,3 1,7 6,3 1,3 3 ,74 3 ,45 3 ,6-1
6 27.11,88 27,141,86 27.10,65 12, 5 18 , Ο 13 , 1 2 ,4 5 ,1 1,] 3 , 36 3 , 43 4 , 24
7 10‚35 104)ss 9‚94 13 , 1 15, 3 11 , 3 2‚4 4, 3 0, 3 3 ,52 3 ‚09 4 ,17
8 9,14 8,53 8,19 9,7 12,4 8,3 Ο,7 2,4 (ΜΟ 3 ,55 3 ,34 3 ,57
9 9,(15 9,(34 10‚11 9‚7 14‚S 7‚s Ο,7 4,3 0,ae 3 ‚551 ‘2 ,9ss 3 ‚05
10 10,91 11,51 28. (136 11 , 5 15 , 5 9, ς, 1 , ῡ 3 ,7 ο ,8 3 ,39 3 ,48 3 ‚44
ll 28. lm 28. lm 3,(12 11,0 12, 3 4, 5 1,7 2,3 (1,5 3 ,35 3 ,37 2 ,55
12 4‚41 4,13 44¹6 11 , υ 18 , 0 9 ‚ ο 1,8 6 , 2 1, 7 3 29 ἱ) , 79 2 ,83
13 3,93 3,46 3,·21 12,8 18,Ο 12,Σό 1,3 5,9 1,1 4 ,04 2 ,95 4 ,01
14 2,94 ’2,25 1,79 15,Ο 18,7 13,5 1,7 4‚O 0‚5 4 ,47 4 ‚30 4 ‚70
15 27.11,31 27.10,18 27. 8,.94 16 , S 15 , Ο 14 , 0 2 , 3 O ‚ 7 Ο , 3 4 , 70 5 , 06 4 ‚ 98 j
16 8,23 7,96 7,78 15,0 17,4 13,3 Ο,7 1,9 (1,5 5 ,06 5 ,16 4 ,65 ³
17 838 8,.02 9,32 12,5 15,6 10,3 Ο,2 1,6 Ο,3 4 ,58 4 ,72 3 ‚91
18 9,49 9,57 9,57 12,8 15,5 11,3 1,5 3,1 1,2 3 ,94 3 ‚82 3 ,69 1
19 9,15 8,95 8,15 11,1 13,7 9,3 1,1 3,5 1,1 3 ,69 3 ,10 3,·24 ³
20 7,81 7,92 8,·36 11,3 17,4 10,7 1,3 6,3 1,7 3 ,64 2 ,61 3 ,28
21 8,88 859 9,(14 §J , 3 18 , 3 8 , 3 2 , 3 7 , 3 ‘2 , 8 ‘2 ‚ 66 2 , 30 2 ‚ 20
22 mm 9‚77 9,83 9,3 16,5 7,3 2,8 7,0 1,3 2 ,40 1 ,99 2 ,71
23 mlo 10,18 11,21 7 , 3 14 , 0 5 , O 1 , 5 5 ‚ 0 0 , 9 2 , 62 2 , 39 2 , 45
24 11,84 11,39 10‚ss:'› 7,5 18,5 12,0 1,8 7,2 2,2 2 ,51 2 ,41 3 ‚35
25 9531 8,44 8,42 12,6 16,9 11 , 5 0,6 2,6 *LO 4 ‚38 4 ,55 3 ,32
26 7,45 5,71 4,21 12, 3 15,2 13,3 1,1 0,4 O‚4 4 ,01 5 ,31 4 ,70
27 280 3,31 4,47 13 , 0 12 , 2 9 , 0 0 , 2 O ,1 (1,9 4 73 4 , 54 3 , 28
28 5,4ι“9 6,4·.) 7,64 δ’,3 8,5 5‚‹› 2,3 2,Ο Ο,9 2 ‚45 2 ,63 2 ,45
29 ΜΝ) SM? 2293 7 ‚ Ι) 14 , 5 8 , 0 2 ,3 5 ‚ S Ο , 9 2 , 18 2 , 10 3 , 05
30 11,Ἓῦ 28, 0,34 28. (136 7 , O 12 , 3 9 , 0 1 , 1 5 , O 1 ,9 2 , 74 1 , 99 2 , 78
31 11,42 27.10,55 27. 9,58 S , 0 16 , 0 8 , 5 0 , 9 3 , 5 0 , 1 3 05 3 , 74 3 , 56
ἒ 27.10,60 27.10,59127.10‚64' 11074 1 15“1,81 10⁰,2 Ι 1⁰ , 5 Ι 4⁰ ‚ 1 1⁰ , l Ι 3”’,56, 3 ,341 3’”,90
Barom, Max. le 12 vers un NE. ῑτὲε saible. χ’
Barom. Min. le 27, le vent passaut de SE⁴ ἐι N.O. ⁴*

