    
   

 

 

 

 
      
      

   

       

 

         
     
       
    
   
  
    

      

 

PosmoNs APPARENTES DEs Emomsss OBSERVssES.
1854 ζ Cephei. δ Cephei. Cassiopeae 1 Hevelii.
Aseension droite. Dd‘cl‘m. Asceusion droite. De'clin. Ascension droite. chlin.
001obre 3. 57⁰29'19J‘ 39 57⁰40¹28,‘'28 23¹¹'23'¹'‘21‚³'12 57⁰44'58,¹‘05

            
   
        
     
 

13. 49, 54 21, 48
23. 49, 25 23, 39

30, 82 21, 01 45 1, 00
32, 97 20, 84 3, 07

   
    
     
  
  
 

Nox-ambre 2. 48, 94 25, 19 34, 65 20, 63 5, 94
12. 48, 61 26, 15 35, 84 20, 38 7, 80
22. 48, 28 26, 55

30, 47 2ο, 12 9, 10

Decembre 2. 47, 93 20, 41 30, 59 19, 82 10, 03
12. 47, 01 25, 70 30, 12 19, 52 10, 33
22. 47, 31 24, 51 Ι 35, 09 19, 19 10, 09

   

 

     
 

 

 

 

   

  

 

 

Ι 1854.

octobre 3.

τ Cassiopeae. ρ Cassiopeae. ,Θ Cassiopeae.
Asceusion droite. Dbclin. Ascension drona} Dssclin. Ascension droite, D6clin.
ι, -fflsssq . . 2.

23⁴39'n'59f‘28 57⁰50‘38,“85 23⁷''47m‘9‚‘‹15 56⁰41‘31,‘'63 24¹¹1¹¹²27‚ 87 58⁰20‘5GJ'62

 
 

 

 

 

 

 

 

 

 

 

 

      

 

 

 

 

 

 

13. 59, 19 41, 88 3, 99 34, 00 27, 83 59, 75
23. 59, 07 44, 66 8, 8¹9 37, 42 27, 74 21 2, 67
Novembre 2. 58, 89 47, 10 8, 73 39, 85 27, 61 5. 24
Ι 12. 58, 67 49, 10 ὅ, 53 41, 89 27, 42 7, 45
22. 58, 41 50, Gf» 8, 30 43, 47 27, 19 9, 2⁴
Dbcembre 2. 58, 13 51, 71 8, 03 44, 57 26, 93 10, 54
12. 57, 83 52, 23 7, 74 45, 15 26, 64 11, 32
22. 57, 53 1 52, ‘21 7, 45 45, 18 ⁴25, 33 11, 57
1854 οι Cassiopeae. η Cassiopeae. υ2 Cassiopeae.

Ascension droite. Dbclin. Ascension droitc. De'clin. Ascension droite. Dkelin.

11 O h, m. Ἷε. ο ι η h. m. s. ο ¹ a h. m. s. n ι 1¹
ctoboe 3. 24 3⁴.) lb, 17 55 44 25, 15 24 40 20, 83 57 2 40, 22 24 48 3, 58 58 23 44, 69
13. 18, 20 28, 20 20, 88 43, 37 3, 58 47, 89
23. 18, 18 31, 10 20, 87 46, 34 3, 58 50, 94
Novembre 2. 18, 11 33, 75 20, 81 49, 06 3, 53 53, 78
12. 17, 99 33, 10 20, 70 51, 48 3, 43 56, 31
22. 17, 31 33, 05 20, 53 53, 54 3, 27 58, 48
De'eembre 2. 17, 62 39, 55 20, 33 55, 16 3, 06 24 0, 26
12. 17, 39 40, 00 20, 10 50, 34 2, 83 1, 55
22. 17, 13 41, 15 19, 83 57, 00 2, 54 2, 36

 

 

 

 

 

 

